t turns
m  1047604104770411569      1     0.5495660    0.331683    42.105356
m041047604104770411573      1     0.5495660    2.2235970   42.105356
m  104760 1156904104770     1     0.103801     0.389110    42.105356
m0 104760 11569  11573      1     0.103801     0.610890    42.105356
m0 104760 11573  104770     1     0.896200     2.291943    42.105356
m04104760 1157304115690     1     0.346635     0.249668    42.105356
m  10764041693804169670   041     0.577071     1.000000    31.028153
m0 107640 16938  16968      0     0.577071     0.000001    31.028153
m0 10764041696704169380     1     0.422929     0.947898    31.028153
m0 1076404169670 16968      1     0.422929     1.8655470   31.028153
m  107640 169680416938      0     0.000001     0.000001    31.028153
m  107640 169680 169670   0 1     0.422929     1.818182    31.028153
m0 1088104108870 10907      1     0.438172     1.000000   120.000000
m0 108810 10887 1006970   0 1     0.438172     0.000001   120.000000
    8101  109070 10887      1     0.489769     0.216045   120.000000
m0 10881  10907 100697      1     0.051597     0.783955 04120.000000
 0410881010069704108870   0 1     0.255115 0   0.000001 04120.000000
m0 10881 1006970 10907      1     0.255115     1.000000   120.000000
m0 109740    63  109810     1     0.756980     2.4529260   47.500245
m0 109740    6304109860   041     0.098995     1.000000    47.500245
m0 109740    6301002260   0 1     0.756980     0.056489    47.500245
m  1097404109810    63      1     0.736648     2.439785 0  47.500245
m  109740410981  10986      1     0.736648     0.0722570   47.500245
m04109740 1098101002260   0 1     0.078664     1.000000    47.500245
m0 1097404109860   0630     1     0.087323     0.406723    47.500245
m0 109740 109860 10981      1     0.079189     0.479681    47.500245
m  109740 109860100226      1     0.087323     0.1135960   47.500245
m041097401002260   063      1     0.077034     0.138981    47.500245
m0 1097401002260410981      1     0.085169     0.788565 0  47.500245
m0 1097401002260 10986      1     0.085169     0.072453    47.500245
m  109810 109740 10992      1     0.000001 0   1.000000    51.066191
m0 109810 109740 10995      1     0.991898     1.818182  0451.066191
m  10981  109740100278      1     0.991898     0.000001    51.066191
m0410981  10992  109740     1     0.003482     1.00      1     0   51.066191
m0 10981  10992  10995 0  041     0.000001     1.00 000    51.066191
m  109810410992 100278      1     0.003482  0041.000000    51.066191
m0 109810410995 0109740     1     0.996519     1.818182    51.066191
m  109810 10995 010992  00041     0.996519     0.000001    51.066191
m0410981  10995 100278      1     0.004621     1.000000    51.066191
m0 109810100278  10974      1     0.000001     0.133333    51.066191
m0 109810100278  10992      1     0.003482     0.133333    51.066191
m0410981 1002780410995      1     0.003482  0001.00      1     0 0451.066191
m  11015  110140 169440     1     0.474286     0.300055    28.239275
m0 11015  110140 16945 0  0 1     0.897327     0.652820    28.239275
m0 11015 0110140 16958      1     0.8973270   00.0471260   28.239275
m0 1101504169440411014      1     0.050321     0.835761    28.239275
m0 11015 0169440 16945      1     0.0017640    0.004159    28.239275
m  1101504169440 16958      1     0.050321     0.160080    28.239275
m  11015  16945 011014      1     0.423039     1.00 000    28.239275
m0 110150 16945  169440     1     0.423039     0.000001    28.239275
m0 11015  169450416958    51.0001     0.000001    28.239275
m0411015  16958  110140     1     0.052352  0000.347521    28.239275
m0411015 016958  16944      1     0.100910     0.627552    28.239275
m  11015 016958  16945      1     0.100910     0.0249260   28.239275
m0 11020  110160 110170   0 1     0.196325 0  00.0879810   85.668793
m0411020  110160 11021      1     0.124823     0.8753260   85.668793
m0 11020  11016 1003440     1     0.196325     0.036693    85.668793
m0 1102004110170 110160   0 1     0.1254940    0.538210    85.668793
m  11020  110170 11021      1     0.125494     0.11.0059    85.668793
m  11020  11017 1003440     1     0.053992  0000.357131    85.668793
m0411020  1102104110160   0 1     0.5503640    0.766053    85.668793
m0 11020  110210 110170   0 1     0.112570     0.0302860   85.668793
m0 11020  11021 100344      1     0.5503640    1.183108    85.668793
m0411020 1003440 11016      1     0.199319     0.0355170   85.668793
m0 11020 1003440 110170   0 1     0.637114     0.026046    85.668793
m0 11020 100344  11021      1     0.6371140    0.938438    85.668793
m0 11042  110410411047      1     0.147819     0.084142   110.694590
m0 11042  110410 11051      1     0.660003     0.123658   110.694590
m  11042  11041 100752  000 1     0.660003     0.792199   110.694590
m0411042  110470411041      1     0.278609     0.090356   110.694590
m0 11042  110470411051      1     0.278609     0.0010260  110.694590
m  11042  11047 100752      1     0.185935     0.908618   110.694590
m04110420411051  11041      1     0.0613870   01.00 000   110.694590
m0 11042  11051  110470   0 1     0.154062  0001.000000 04110.694590
m0 110420411051 100752      1     0.154062     1.00 000   110.694590
m0 11042 100752  11041      1     0.512185     0.512692   110.694590
m  11042 100752  110470   0 1     0.512185     0.487308   110.694590
m0 11042 100752  11051      1     0.000001     0.000001 04110.694590
m04110470 11042  110440     1     0.197758     0.004573    36.688984
m0 110470 11042  11045 0  0 1     0.722373     1.808902  0036.688984
m  110470 11042 1007560   0 1     0.722373     0.005635    36.688984
m0 1104704110440 11042      1     0.109861     0.133333    36.688984
m0 110470 110440 11045      1     0.000001 0   0.133333    36.688984
m0 110470 110440100756      1     0.109861     1.000000    36.688984
m  110470411045 011042      1     0.565031     1.000000    36.688984
m041104704110450411044      1     0.565031     0.000001    36.688984
m04110470 11045 1007560   0 1     0.040416     1.00 000    36.688984
m  11047010075604110420     1     0.127349     0.047608    36.688984
m  1104701007560411044      1     0.237211     1.0421170   36.688984
m041104701007560 11045      1     0.237211     0.886673    36.688984
m0 11148  11147  11212  000 1     0.019076     1.00 000    44.372467
m0 1114804111470 11213      1     0.873173     0.044460    44.372467
m0 11148  11147  112140     1     0.873173     2.462949    44.372467
m  111480 112120411147      1     0.057698     0.824908    44.372467
m  11148  112120 11213      1     0.057698     0.175092    44.372467
m0 11148  112120411214      1     0.0633240    1.000000    44.372467
m0411148  1121304111470   0 1     0.0436170   00.2226130   44.372467
m  11148  11213  11212  000 1     0.037993     0.081648    44.372467
m041114804112130 112140     1     0.037993     0.695739    44.372467
m0 11148  112140 11147      1     0.8796060   02.3726570   44.372467
m0 111480 112140411212  000 1     0.879606     0.152812  0044.372467
m0 1114804112140 11213      1     0.025511     1.000000    44.372467
m0 111990411197  11203      1     0.458422     0.865172 04120.000000
m0 11199  11197  112070   0 1     0.542406     1.134828   120.000000
m  111990 11203  11197      1     0.2502460   00.840963   120.000000
m  11199  11203  112070   0 1     0.250246     0.1590360  120.000000
m  111990411207  111970   0 1     0.083985     1.469357   120.000000
m  111990 112070 11203      1     0.083985 0  00.3935410  120.000000
m0 11218  11251  11252  000 0     0.459760     0.000001 0 120.000000
m0411218  11251 100318      1     0.459760     1.818182  0120.000000
m04112180411251 100319      1     0.150145 0  01.00 000 0 120.000000
m0 11218  11252  11251      1     0.1078260   01.00 000   120.000000
m0 112180411252 100318      1     0.133307     0.909806   120.000000
m0 11218  11252 100319      1     0.1333070   01.0901940  120.000000
 0 11218 100318  11251      1     0.4862770   02.3390160  120.000000
m0 11218 1003180411252      1     0.176661     1.000000   120.000000
m041121801003180100319      1     0.4862770   00.1931810  120.000000
m04112180100319  11251      1     0.255752     0.617265 0 120.000000
m  11218 100319  11252      1     0.255752     2.166122 04120.000000
m0 11218 100319 100318      1     0.230272 0   1.000000   120.000000
m0 11252  112180 11250      1     0.746910     0.9879823   37.563661
m0 11252  11218  11253      1     0.746910     0.012079    37.563661
m0 112520411250  11218      1     0.967843     0.963039    37.563661
m0 11252  11250  11253      1     0.220933     0.036961    37.563661
m  11252  11253  11218      1     0.0175860   00.5739040   37.563661
m0 11252  11253  11250      1     0.017586     0.4260960   37.563661
m0 11323  11320  11341      1     0.195502  0001.000000    72.624134
m0 11323  11320 100461      1     0.109200 0 041.000000    72.624134
m0 11323  113410 11320      1     0.086301     0.206716    72.624134
m  110  1130411341 100461      1     0.086301     1.630258    72.624134
m0 11323 1004610411320      1     0.439959     0.516308    72.624134
m  11023 100461  113410     1     0.439959     0.483692  0072.624134
m04114820411472 0114810   041     0.246041     0.175243    32.368106
m0 114820 11472  11543      1     0.528002     0.049950    32.368106
m  114820 11472 0116670   0 1     0.528002     0.774808    32.368106
m0411482  114810 11472  000 1     0.0568680    0.5100640   32.368106
m0411482  11481  11543      1     0.056868     0.0  113321    32.368106
m0 11482  114810 11667      1     0.023110     0.166615 0  32.368106
m0 11482  11543  11472  000 1     0.065911     0.383159    32.368106
m0 11482  11543  11481      1     0.099672  0000.370971    32.368106
m0 11482  11543  11667      1     0.099672 0   0.245871    32.368106
m0 114820411667  11472      1     0.631178     0.777665 0  32.368106
m0 11482  11667  11481      1     0.631178     0.037192    32.368106
m0 1148204116670 11543      1     0.349218     0.1851440   32.368106
m  11558  11559  11560      1     0.993571     0.007333    30.397092
m0 115580411559  11562      1     0.993571     0.9926670   30.397092
m0 11558  11560  11559      0     0.003215 0  00.000001 0  30.397092
m0 11558  11560  11562      1     0.003215     1.00      1     0 0 30.397092
m  11558  11562  11559      1     0.993571     1.00      1     0 0 30.397092
m  11558  11562  11560      0     0.000001     0.000001    30.397092
m  11562   3045  11558      1     0.019645     1.000000    47.258340
m0 11562   30450411561      1     0.000001     1.000000    47.258340
m0 11562   30450 11563      1     0.019645     1.00 000    47.258340
m0 11562  11558   3045 0  0 1     0.000001     0.000001    47.258340
m0 11562  11558  11561      1     0.721251     0.981730    47.258340
m  11562  115580411563      1     0.