EMME
9386 11663 .12 c 112 3.0 2 .23 31.52 2301 0 2301
9386 11716 .08 c 104 1.0 21 .44 10.82 800 0 800
9386 11718 .06 c 112 3.0 2 .11 34.10 1075 0 1075
9386 11727 .02 c 104 1.0 4 .13 8.99 6 0 6
10244 16746 .07 c 144 1.0 4 .51 8.16 200 0 200
10244 16749 .06 c 144 1.0 4 .42 8.59 135 0 135
10400 16788 .04 c 142 3.0 2 .07 32.44 1909 0 1909
10400 16791 .02 c 142 3.0 2 .04 34.04 1110 0 1110
10401 10402 .14 c 104 1.0 4 .95 8.88 49 0 49
10401 10403 .07 c 104 1.0 4 .47 8.91 37 0 37
10401 100861 .05 c 104 1.0 4 .34 8.86 60 0 60
10402 10401 .14 c 104 1.0 4 .94 8.93 32 0 32
10402 11426 .03 c 104 1.0 4 .20 8.88 49 0 49
10403 10401 .07 c 104 1.0 4 .47 8.94 28 0 28
10403 11443 .04 c 104 1.0 4 .27 8.97 16 0 16
10403 11447 .06 c 104 1.0 4 .40 8.92 35 0 35
10473 10477 .09 c 112 3.0 2 .16 33.04 1630 0 1630
10475 16801 .02 c 104 1.0 4 .14 8.77 90 0 90
10475 16803 .06 c 104 1.0 4 .41 8.85 61 0 61
10476 10477 .05 c 112 3.0 2 .09 32.05 2080 0 2080
10476 11569 .08 c 104 1.0 4 .64 7.56 255 0 255
