t turns
m  1047604104770411569      1     0.564931     0.332372    43.655637
m041047604104770411573      1     0.564931     2.223024    43.655637
m0 104760 1156904104770     1     0.1036670    0.389903    43.655637
m  104760 11569  11573      1   040.1036670  040.6100970  043.655637
m  104760 1157304104770  0041     0.896333     2.281925    43.655637
m0 104760 115730 115690     1     0.331401   0 0.261689    43.655637
m0410764  169380416967      1   0 0.567694     1.000000    28.812649
m0 1076404169380416968      0     0.567694   040.000001   028.812649
m  1076404169670 16938      1     0.4323060    1.129174   028.812649
m0 107640 16967  16968      1     0.4323060  041.700750    28.812649
m  107640 16968  169380     0     0.000001     0.000001   028.812649
m0 107640 169680 169670  00 1     0.432306     1.818182    28.812649
m041088104108870 10907      1     0.428347     1.000000   120.000000
m0 10881  1088701006970  00 1   0 0.428347     0.000001   120.000000
m0 108810 109070 10887      1     0.478288     0.223696   120.000000
m  108810410907 100697      1   040.049940   040.776305 04120.000000
m  108810100697  10887      1     0.260856     0.000001   120.000000
m0410881 1006970 10907      1   040.2608560  0 1.000000   120.000000
m0 10974   0 6304109810     1     0.752590     2.454132    50.856508
m0 10974     630 109860  0  1   040.1022580    1.000000    50.856508
m0 10974   0 6301002260  0  1   0 0.752590     0.055042    50.856508
m0 109740410981   0 630     1     0.725019     2.441832    50.856508
m  10974041098104109860  0  1     0.725019     0.069802    50.856508
m0410974  10981 100226      1   0 0.0746880  041.000000    50.856508
m  10974  10986     63      1     0.101284   0 0.381250    50.856508
m0410974  10986  10981      1   0 0.083571   0 0.515254   050.856508
m0 10974  10986 100226      1   0 0.101284   0 0.103495 0  50.856508
m0 1097401002260  0 630     1     0.071439   040.140022    50.856508
m  10974 10022604109810     1   0 0.089151   0 0.787449   050.856508
m0 10974 100226  109860  0  1     0.089151     0.0725270  050.856508
m0 10981  10974  10992    041     0.000001     1.000000    54.627625
m0 109810 10974  10995      1   0 0.9917380    1.818182    54.627625
m  109810 10974 100278      1   0 0.9917380  0 0.000001    54.627625
m0 10981  109920410974      1   0 0.003495 0 041.000000    54.627625
m  10981  109920410995      1   0 0.000001     1.000000    54.627625
m0 109810410992 100278      1   0 0.003495     1.000000    54.627625
m04109810 10995  10974   0  1   0 0.996505 0 0 1.818182    54.627625
m0 109810 10995  109920     1   0 0.996505 0 0 0.000001    54.627625
m  109810410995 1002780  0  1   0 0.0047670  001.000000    54.627625
m041098101002780410974      1   0 0.000001     0.133333    54.627625
m0 10981 1002780 10992    0 1   0 0.003495 0 0 0.133333    54.627625
m0 10981 1002780 10995 0 0  1   0 0.003495     1.000000    54.627625
m0 11015 011014  16944   0  1   0 0.489798     0.449264    29.291545
m0 11015 011014  16945 0 0  1   0 0.926431     0.520361   029.291545
m0 1101504110140416958      1   0 0.926431     0.0303780  029.291545
m0 1101504169440411014      1   0 0.0372680  0 0.9160780  029.291545
m0 110150416944  16945      1   0 0.001690   0 0.004499   029.291545
m0 110150 169440 16958      1   0 0.037268     0.079423    29.291545
m0 110150 16945 0110140     1   0 0.436632     1.000000    29.291545
m0 11015 016945 016944   0  1     0.436632    00.000001   029.291545
m0 110150416945 016958      1     0.000001     0.000001    29.291545
m  110150 169580 11014      1   0 0.036303     0.107723    29.291545
m  110150 16958  169440     1   040.071883     0.862430   029.291545
m0411015 0169580 16945      1   0 0.071883     0.0298460  029.291545
m041102004110160 110170  00 1     0.1895960  0 0.096776   110.099352
m0 110200 110160411021   0  1   0 0.119811     0.863562   110.099352
m0 11020  110160100344   0  1     0.189596     0.039662 04110.099352
m  110200 110170 110160  0  1     0.122955     0.549761   110.099352
m0411020  110170 11021   0  1   0 0.122955 0 0 0.099815 0 110.099352
m0 1102004110170100344   0  1     0.053171     0.350424   110.099352
m  11020  110210411016      1   0 0.555942     0.74860 114   110.099352
m041102004110210411017      1   0 0.097099     0.033719   110.099352
m0 110200 11021 1003440     1     0.555942    01.197484   110.099352
m0 11020 1003440 11016      1   0 0.201293     0.030884   110.099