0 0 0
1 15.31 23.55
2 335.13 194.28
3 852.77 1337.7
6 207.46 288.36
7 34.67 39.92
8 62.61 185.78
9 236.1 220.47
10 67.41 68.95
11 74.07 51.68
12 93.32 111.53
13 25.01 41.18
14 35.8 50.71
15 20.96 33.06
16 49.74 83.77
17 64.88 104.2
18 120.98 94.83
19 57.54 82.55
20 34.14 85.04
21 79.35 118.05
22 96.88 156.78
23 92.19 110.75
24 48.86 108.46
25 7.95 11ﺿ226 23.15 43.26
27 46.94 118.24
28 41.09 78.34
29 96.44 203.45
30 116.43 67.57
31 38.34 25.1
32 64.75 95.1
51 236.87 184.09
52 326.64 299.76
53 248.01 366.46
54 479.51 642.01
55 200.91 92.47
56 167.87 195.08
57 151.4 0.05
58 169.3 81.6
59 34.46 37.37
60 41.76 74.24
61 47.7 43.37
62 12.36 90.18
63 332.32 197.37
64 86.16 77.52
65 127.96 119.44
66 136.18 157.02
67 309.5 211.44
68 223.4 95.57
69 537.28 233.51
70 240.35 71.59
71 82.62 78.85
72 262.93 100.92
73 353ﺿ2 204.3
74 201.55 278.55
75 46.14 43.92
76 136.42 54.23
77 197.5
6454
78 93.77 116.13
