0 0 0
1 3.94 50.942 1721.24 662.313 7929.87 1600.376 1696.86 261.66
7 9.54 100.52
8 77.3 312.819 921.24 381
10 16.06 166.81
11 103.47 200.7 1691 2 32.92 235.16
13 11.7  109.89
14 75.57 126.7 
15 7.2 86.49
16 17.78 249.1417 24.12 317.02
18 224.97 82.14
19 30.4 213.6420 13.32 230.0521 29.78 365.8522 103.62 429.39
23 63.3 337.1 169124 1652.9 29. 169125 6.18 37.5426 676.91 19.2927 30.98 232.4628 14.52 204.0129 50.77 265.7830 32 298.7531 199.28 143.7532 76.7 188.42
51 469.61 864.52
52 1268.85 1427.02
53 488.63 1320.7 169154 1828.95 1626.6755 894.17 613.7456 1208.13 1057.82
57 2171.81 6.29
58 808.28 1808.98
59 283.21 318.5 169160 283.5  696.3661 388.19 438.1 169162 139.57 2454.0 169163 1675.23 1599.264 392.47 532.0165 771.79 546.88
66 801.39 901.5567 1610.35 1747.52
68 623.02 1712.5669 1968.3 4054.98
70 288.19 1266.9 169171 405.25 555.2172 734.81 1308.42
7  597.83 992.5174 856.31 1224.42
75 32.77 351.22
76 388.85 670.9 169177 2210.92 1437.15
78 222.94 194.4 1691