EMME
9386 11663 .12 c 112 3.0 2 .25 29.30 3083 0 3083
9386 11716 .08 c 104 1.0 21 .37 13.09 667 0 667
9386 11718 .06 c 112 3.0 2 .11 34.00 1127 0 1127
9386 11727 .02 c 104 1.0 4 .13 9.00 2 0 2
10244 16746 .07 c 144 1.0 4 .55 7.63 250 0 250
10244 16749 .06 c 144 1.0 4 .42 8.64 123 0 123
10400 16788 .04 c 142 3.0 2 .08 31.62 2262 0 2262
10400 16791 .02 c 142 3.0 2 .04 33.27 1516 0 1516
10401 10402 .14 c 104 1.0 4 .94 8.90 43 0 43
10401 10403 .07 c 104 1.0 4 .47 8.87 55 0 55
10401 100861 .05 c 104 1.0 4 .34 8.79 81 0 81
10402 10401 .14 c 104 1.0 4 .94 8.95 22 0 22
10402 11426 .03 c 104 1.0 4 .20 8.90 43 0 43
10403 10401 .07 c 104 1.0 4 .47 8.90 42 0 42
10403 11443 .04 c 104 1.0 4 .27 8.91 37 0 37
10403 11447 .06 c 104 1.0 4 .40 8.92 35 0 35
10473 10477 .09 c 112 3.0 2 .16 33.61 1341 0 1341
10475 16801 .02 c 104 1.0 4 .14 8.71 107 0 107
10475 16803 .06 c 104 1.0 4 .42 8.64 123 0 123
10476 10477 .05 c 112 3.0 2 .09 32.22 2008 0 2008
10476 11569 .08 c 104 1.0 4 .65 7.37 269 0 269
10476 11573 .10 c 112 3.0 2 .18 33.75 1267 0 1267
10477 10473 .09 c 112 3.0 2 .17 32.22 2008 0 2008
10477 10476 .05 c 112 3.0 2 .09 33.61 1341 0 1341
10477 100862 .03 c 104 1.0 4 .20 9.00 0 0 0
10497 10498 .12 c 104 1.0 4 .80 9.00 0 0 0
10497 11615 .05 c 104 1.0 4 .33 8.97 14 0 14
10497 11618 .04 c 104 1.0 4 .27 9.00 0 0 0
10497 11619 .08 c 104 1.0 4 .54 8.96 17 0 17
10498 10497 .12 c 104 1.0 4 .80 9.00 0 0 0
10503 10505 .09 c 104 1.0 4 .60 9.00 0 0 0
10503 24218 .02 c 104 1.0 4 .13 9.00 0 0 0
10503 100881 .02 c 104 1.0 4 .13 9.00 0 0 0
10504 24218 .01 c 104 1.0 4 .07 9.00 0 0 0
10505 10503 .09 c 104 1.0 4 .60 9.00 0 0 0
10505 100879 .08 c 104 1.0 4 .55 8.72 102 0 102
10505 100884 .13 c 104 1.0 4 .96 8.10 207 0 207
10562 17699 .03 c 102 3.0 2 .08 23.40 4614 0 4614
10653 16794 .06 c 104 1.0 4 .41 8.88 51 0 51
10653 16884 .06 c 104 1.0 4 .41 8.81 74 0 74
10747 16787 .03 c 142 3.0 2 .06 32.70 1791 0 1791
10747 16788 .02 c 142 3.0 2 .04 33.36 1469 0 1469
10757 17316 .10 c 102 3.0 2 .22 27.83 3516 0 3516
10757 17317 .08 c 104 1.0 4 3.44 1.39 677 0 677
10757 17360 .02 c 102 3.0 2 .04 30.73 2600 0 2600
10761 12085 .02 c 104 1.0 4 .24 4.99 403 0 403
10761 17039 .03 c 104 1.0 4 .24 7.63 250 0 250
10762 16800 .03 c 144 1.0 4 .28 6.32 333 0 333
10762 16804 .03 c 144 1.0 4 .22 8.20 195 0 195
10763 16796 .04 c 143 1.0 21 .22 11.05 786 0 786
10763 16800 .03 c 143 1.0 21 .10 18.04 277 0 277
10764 16938 .10 c 143 2.0 3 .21 28.38 340 0 340
10764 16967 .01 c 144 1.0 4 3.86 .16 1230 0 1230
10764 16968 .05 c 142 2.0 2 .09 34.35 619 0 619
10765 16795 .05 c 143 1.0 21 .23 13.04 670 0 670
10765 16796 .02 c 143 1.0 21 .07 17.43145 0 345
10768 16782 .08 c 144 1.0 4 .57 8.47 158 0 158
10768 16967 .05 c 144 1.0 4 .57 5.29 388 0 388
10769 11196 .08 c 104 1.0 4 .53 9.00 0 0 0
10769 11583 .03 c 104 1.0 4 .20 9.00 2 0 2
10769 11588 .09 c 104 1.0 4 .60 9.00 0 0 0
10771 16998 .04 c 144 1.0 4 .27 8.97 16 0 16
10771 17008 .04 c 144 1.0 4 .27 8.75 95 0 95
10772 16803 .05 c 104 1.0 4 .34 8.91 37 0 37
10772 16886 .07 c 104 1.0 4 .48 8.81 76 0 76
10773 16778 .08 c 144 1.0 4 .56 8.55 142 0 142
10773 16781 .05 c 144 1.0 4 .76 3.94 460 0 460
10774 16968 .03 c 142 2.0 2 .05 33.62 890 0 890
10774 16972 .02 c 142 2.0 2 .04 33.29 1003 0 1003
10775 11564 .08 c 112 1.0 2 .17 28.22 1136 0 1136
10775 11565 .08 c 104 1.0 4 .78 6.19 340 0 340
10775 11566 .02 c 112 1.0 2 .05 24.33 1467 0 1467
10776 10777 .05 c 104 1.0 4 .33 8.97 11 0 11
10776 10778 .09 c 104 1.0 4 .60 9.00 0 0 0
10776 10784 .06 c 104 1.0 4 .40 8.98 9 0 9
10777 10776 .05 c 104 1.0 4 .33 8.98 9 0 9
10778 10776 .09 c 104 1.0 4 .60 9.00 0 0 0
10778 10779 .05 c 104 1.0 4 .33 9.00 0 0 0
10779 10778 .05 c 104 1.0 4 .33 9.00 0 0 0
10780 12099 .05 c 104 1.0 4 .42 7.23 279 0 279
10780 100463 .01 c 104 1.0 4 .07 8.82 73 0 73
10781 11882 .09 c 104 1.0 4 .62 8.73 100 0 100
10781 11927 .11 c 104 1.0 4 .74 8.96 16 0 16
10781 100463 .16 c 104 1.0 4 1.35 7.12 286 0 286
10781 100487 .11 c 104 1.0 4 1.0 1.0 4 .2.09 346 0 346
10782 17424 .08 c 102 2.0 2 .14 33.95 772 0 772
10782 17436 .03 c 102 2.0 2 .06 31.79 1462 0 1462
10783 10786 .12 c 104 1.0 4 1.68 4.29 440 0 440
10783 10830 .1322  0 388.82 72 0 72
10784 10776 .06 c 104 1.0 4 .40 8.97 11 0 11
10784 10786 .16 c 104 1.0 4 1.09 8.81 77 0 77
10784 100042 .05 c 104 1.0 4 .34 8.90 44 0 44
10784 100044 .02 c 104 1.0 4 .13 8.91 37 0 37
10785 100043 .02 c 104 1.0 4 .13 9.00 0 0 0
10786 10783 .12 c 104 1.0 4 .89 8.08 209 0 209
10786 10784 .16 c 104 1.0 4 1.10 8.76 92 0 92
10786 10788 .06 c 104 1.0 4 1.17 3.07 514 0 514
10787 100046 .04 c 104 1.0 4 .27 8.92 35 0 35
10788 10786 .06 c 104 1.0 4 .52 6.93 298 0 298
10788 10837 .07 c 104 1.0 4 1.37 3.07 514 0 514
10788 10838 .05 c 104 1.0 4 .33 9.00 0 0 0
10789 10790 .05 c 104 1.0 4 .33 9.00 0 0 0
10789 10837 .08 c 104 1.0 4 .53 9.00 0 0 0
10789 10840 .04 c 104 1.0 4 .27 9.00 0 0 0
10790 10789 .05 c 104 1.0 4 .33 9.00 0 0 0
10793 17422 .04 c 104 1.0 4 .27 8.79 81 0 81
10793 17424 .03 c 104 1.0 4 .22 8.29 184 0 184
10819 10820 .04 c 144 1.0 4 .27 9.00 0 0 0
10820 10819 .04 c 144 1.0 4 .27 9.00 0 0 0
10820 16974 .03 c 144 2.0 4 .26 6.81 611 0 611
10821 16970 .07 c 143 2.0 3 .25 16.73 1663 0 1663
10821 16974 .03 c 143 2.0 3 .06 28.01 436 0 4