 10476  10477  11569    148
 10476  10477  11573   1192
 10476  11569  10477     61
 10476  11569  11573     75
 10476  11573  10477   1947
 10476  11573  11569    121
 10764  16938  16967    644
 10764  16938  16968      0
 10764  16967  16938    341
 10764  16967  16968    622
 10764  16968  16938      0
 10764  16968  16967    578
 10881  10887  10907   1110
 10881  10887 100697      0
 10881  10907  10887    170
 10881  10907 100697     96
 10881 100697  10887      0
 10881 100697  10907    924
 10974     63  10981   1487
 10974     63  10986    114
 10974     63 100226     28
 10974  10981     63   1770
 10974  10981  10986     43
 10974  10981 100226     76
 10974  10986     63     34
 10974  10986  10981     46
 10974  10986 100226      9
 10974 100226     63     10
 10974 100226  10981     55
 10974 100226  10986      5
 10981  10974  10992      0
 10     41  10974  10995   1588
 10981  10974 100278      0
 10 81  10992  10974      0
 10981  10992  10995      0
 10981  10992 100278      0
 10981  10995  10974   1888
 10981  10995  10992      0
 10981  10995 100278      4
 10     41 100278  10974      0
 10981 100278  10992      0
 10 81 100278  10995      3
 11015  11014  16944    201
 11015  11014  16945    144
 11015  11014  16958      6
 11015  16944  11014      9
 11015  16944  16945      0
 11015  16944  16958      1
 11015  16945  11014     21
 11015  16945  16944      0
 11015  16945  16958      0
 11015  16958  11014      2
 11015  16958  16944     32
 11015  16958  16945      1
 11020  11016  11017     20
 11020  11016  11021    222
 11020  11016 100344     13
 11020  11017  11016     54
 1102815  167  11021     11
 11020  11017 100344     25
 1102811021  11016    273
 11020  11021  11017      6
 11020  11021 100344    356
 11020 100344  11016     13
 11020 100344  11017     28
 11020 100344  11021    861
 11042  11041  11047     14
 11042  11041  11051    150
 11042  11041 100752    988
 11042  11047  11041     19
 11042  11047  11051      1
 11042  11047 100752    271
 11042  11051  11041    100
 11042  11051  11047      0
 11042  11051 100752      0
 11042 100752  11041    514
 11042 100752  11047    283
 11042 100752  11051      0
 11047  11042  11044      0
 11047  11042  11045    296
 11047  11042 100756      1
 11047  11044  11042      0
 11047  11044  11045      0
 11047  11044 100756     36
 11047  11045  11042    287
 11047  11045  11044      0
 11047  11045 100756     17
 11047 100756  11042      4
 11047 100756  11044     40
 11047 100756  11045     22
 11148  11147  11212     18
 11148  11147  11213     26
 11148  11147  11214   1547
 11148  11212  11147     1238    111 11212  11213      3
 11  111 11212  11214     5838   48  11213  11147      938   48  11213  11212      338   48  11213  11214     10
 11148  11214  11147   1901
 11148  11214  11212     9938   48  11214  11213     12
 11199  11197  11203    85138   99  11197  11207    194
 11199  11203  11197    409
 11199  11203  11207     7738   99  11207  11197    21938   99  11207  11203     37
 11218  11251  11252      0
 11218  11251 100318   1427
 11218  11251 100319    267
 11218  11252  11251    197
 11218  11252 100318    224
 11218  11252 100319    254
 11218 100318  11251   1259
 11218 100318  11252    304
 11218 100318 100319     83
 11218 100319  11251     84
 11218 100319  11252    406
 11218 100319 100318    410
 11252  11218  11250    703
 11252  11218  11253      7
 11252  11250  11218    668
 11252  11250  11253      5
 11252  11253  11218      7
 11252  11253  11250      4
 11323  11320  11341     12
 11323  113