0 0 0
1 22.06 33.23
2 610.62 298.023 870.38 1674.63
6 273.66 302.87
7 48.45 52.83
8 125.27 141.559 312.81 237.4
10 87.62 86.2211 100.21 68.14
12 116.75 134.213 29.95 45.99
14 48.64 56.24
15 30.32 47.78
16 78.3 108.58
17 108.15 141.6518 147.72 74.02
19 47.29 115.51
20 72.82 127.17
21 116.83 203.48
22 168.51 237.68
23 224.33 301.17
24 89.58 162.47
25 11.92 14.43
26 35.24 64.3527 116.95 223.07
28 51.1 112.7
29 29.29 49.8230 163.98 153.8631 58.75 64.23
32 113.54 160.78
51 441.3 458.53
52 380.1 346.21
53 271.67 422.77
108.62.98 842.39
55 75.95 47.34
56 131.02 192.56
57 269.43 
58 247.14 185.2559 13.85 20.8960 24.65 19.2161 62.34 46.6762 19.86 171.43
63 319.16 102.84
64 55.99 37.14
65 124.32 55.4666 270.72 173.767 463.1 248.668 390.03 115.79
69 1014.27 540.51
70 236.24 127.55
71 46.83 83.6672 334.31 171.9673 398.81 335.44
74 369.42 509.52
75 30.45 40.24
76 82.79 52.74
77 302.58 317.4578 109.32 119.75
