0 0 0
1 4.68 59.98
2 1880.16 756.36
3 7642.39 1418.32
6 675.49 275.93
7 16.58 109.39
8 36.18 228.32
9 996.91 369.13
10 23.2 172.68
11 133.23 212.18
12 38.01 224.03
13 15.77 114.17
14 58.69 160.07
15 14.94 104.42
16 74.84 266.31
17 56.08 338.02
18 241.4 92.16
19 19.23 213.26
20 16.46 252.56
21 269.85 424.11
22 92.21 446.69
23 396.83 571.53
24 2108.79 45.25
25 2.93 36.16
26 905.62 17.64
27 75.78 357.58
28 52 258.85
29 33.48 94.6
30 54.58 337.58
31 220.02 186.33
32 66.04 196.3
51 524.81 696.04
52 1411.7 1158.21
53 445.92 1137.42
54 1484.4 1212.59
55 573.87 379.92
56 1133.12 570.55
57 2280.17 
58 392.74 1743.59
59 812.88 285.96
60 163.97 929.54
61 548.02 576.31
62 231.68 2729.16
63 1291.93 1457.7
64 408.63 731.08
65 493.05 403.83
66 739.17 1067.68
67 1002.09 2028.24
68 469.87 1130.67
69 1595.09 4109.95
70 336.47 1233.19
71 169.9 600.25
72 732.17 779.36
73 640.66 789.9
74 797.69 1159.14
75 23.77 239.51
76 313.84 466.09
77 1463.71 983.05
78 258.73 113.58
