t turns
m  1047604104770411569      1     0.622911     0.277513    55.971268
m041047604104770411573      1     0.622911     2.268738    55.971268
m0 104760 115690410477      1     0.091164     0.433250    55.971268
m0 104760 11569  11573      1     0.091164     0.566750    55.971268
m  104760 11ﭺ     1104770     1     0.9088360    2.295593    55.971268
m  104760 11573  115690     1     0.285923     0.245289    55.971268
m  10764  16938  16967      1     0.565128     1.000000    31.930147
m0 10764  169380416968      0     0.565128     0.000001    31.930147
m  1076404169670 16938      1     0.434871     1.260443    31.930147
m0 107640 16967  16968    041     0.434871     1.578582    31.930147
m  10764  16968  16938    0 0     0.000001     0.000001    31.930147
m0 10764  16968  169670     1     0.434871     1.818182    31.930147
m0410881  108870 10907      1     0.426684     1.000000   120.000000
m0 108810410887 1006970     1     0.426684     0.000001   120.000000
m0 1088104109070 10887      1     0.473649     0.237011   120.000000
m0 10881  109070100697      1     0.046965     0.762990   120.000000
m0 10881 10069704108870   041     0.2631760    0.000001   120.000000
m0 10881 1006970 10907      1     0.2631760  041.000000   120.000000
m0 10974     6304109810     1     0.473244     2.458783    60.862354
m0 10974     630 10986      1     0.060971     1.000000    60.862354
m0 10974     63 1002260  0041     0.473244     0.049461    60.862354
m  109740410981     630     1     0.466470     2.432833    60.862354
m  10974041098104109860  00 1     0.466470     0.080600    60.862354
m04109740 10981 100226      1     0.054199     1.000000    60.862354
m0410974  10986     63    041     0.441506     0.905766    60.862354
m0 10974041098604109810     1     0.232328    00.072819    60.862354
m0 109740 10986 1002260  00 1     0.4415060  000.0214170   60.862354
m  10974 100226     630     1     0.031052     0.211275    60.862354
m0 109740100226  10981      1     0.240230     0.724158    60.862354
m  10974 10022604109860     1     0.240230     0.064569    60.862354
m0 109810 109740 10992      1     0.000001     1.000000    47.045621
m0 10981  109740 10995      1     0.990008    01.818182    47.045621
m0 109810410974 100278    0 1     0.990008    00.000001    47.045621
m  109810 10992  10974      1     0.004210     1.000000    47.045621
m  10981  10992  10995      1     0.000001     1.000000    47.045621
m0 109810 10992 100278      1     0.004210     1.000000    47.045621
m0 109810 109950410974      1     0.995790     1.818182    47.045621
m04109810 10995  10992      1     0.995790     0.000001    47.045621
m  1098104109950100278    0 1     0.005781     1.000000    47.045621
m041098101002780410974      1     0.000001     0.133333    47.045621
m0 1098101002780 10992      1     0.004210     0.133333    47.045621
m0 10981 1002780 10995      1     0.004210     1.000000    47.045621
m  1101504110140416944      1     0.455290     0.286562    31.196146
m0 11015  11014  16945      1     0.863258     0.703971    31.196146
m0 11015  110140 16958      1     0.863258    00.0094670   31.196146
m0 110150 16944  110140     1     0.0659740    0.902596    31.196146
m  110150416944  16945    041     0.007112     0.028139    31.196146
m  110150 16944  16958      1     0.0659740    0.069266    31.196146
m0 11015  16945  11014      1     0.4079690    1.000000    31.196146
m04110150 169450416944      1     0.407969     0.000001    31.196146
m  11015  169450416958      1     0.000001     0.000001    31.196146
m0411015  16958  11014      1     0.0707670   00.346830    31.196146
m  110150416958  16944      1     0.129629     0.640048    31.196146
m041101504169580416945    0 1     0.129629     0.013125    31.196146
m0 11020  110160 110170   0 1     0.134507     0.0602270  120.000000
m0 1102004110160 11021      1     0.086539     0.869984   120.000000
m  110200 11016 100344      1     0.1345070   00.06978