EMME
9386 11663 .12 c 112 3.0 2 .26 27.54 3598 0 3598
9386 11716 .08 c 104 1.0 21 .37 12.86 681 0 681
9386 11718 .06 c 112 3.0 2 .11 33.21 1545 0 1545
9386 11727 .02 c 104 1.0 4 .13 9.00 2 0 2
10244 16746 .07 c 144 1.0 4 .52 8.13 203 0 203
10244 16749 .06 c6644 1.0 4 .42 8.63 125 0 125
10400 16788 .04 c 142 3.0 2 .08 30.24 2775 0 2775
10400666791 .02 c6642 3.0 2 .04 33.25 1525 0 1525
10401 10402 .14 c 104 1.0 4 .94 8.90 43 0 43
10401 10403 .07 c 104 1.0 4 .47 8.86 58 0 58
10401 100861 .05 c 104 1.0 4 .34 8.77 89 0 89
10402 10401 .14 c 104 1.0 4 .94 8.93 29 0 29
10402 11426 .03 c 104 1.0 4 .20 8.90 43 0 43
10403 10401 .07 c 104 1.0 4 .47 8.89 45 0 45
10403 11443 .04 c 104 1.0 4 .27 8.90 41 0 41
10403 11447 .06 c 104 1.0 4 .40 8.92 36 0 36
10473 10477 .09 c 112 3.0 2 .16 32.78 1752 0 1752
10475666801 .02 c 104 1.0 4 .14 8.70 108 0 108
10475 16803 .06 c 104 1.0 4 .42 8.65 121 0 121
10476 10477 .05 c 112 3.0 2 .10 30.77 2589 0 2589
10476 11569 .08 c 104 1.0 4 .