 10476  10477  11569    162
 10476  10477  11573   1589
 10476  11569  10477     70
 10476  11569  11573     74
 10476  11573  10477   2519
 10476  11573  11569؛048
 10764  16938  16967    617
 10764  16938  16968      0
 10764  16967  16938    381
 10764  16967  16968    661
 10764  16968  16938      0
 10764  16968  16967    657
 10881  10887  10907   1106
 10881  10887 100697      0
 10881  10907  10887؛054
 10881  10907 100697     80
 10881 100697  10887      0
 10881 100697  10907    798
 10974     63  10981   1416
 10974     63  10986     99
 10974     63 100226     24
 10974  10981     63   1546
 10974  10981  10986     44
 10974  10981 100226     76
 10974  10986     63    301
 10974  10986  10981     23
 10974  10986 100226      7
 10974 100226     63      9
 10974 100226  10981     58
 10974 100226  10986      6
 10981  10974  10992      0
 10981  10974  10995   1497
 10981  10974 100278      0
 10981  10992  10974      0
 10981  10992  10995      0
 10981  10992 100278      0
 10981  10995  10974   1666
 10981  10995  10992      0
 10981  10995 100278      4
 10981 100278  10974      0
 10981 100278  10992      0
 10981 100278  10995      3
 11015  11014  16944؛091
 11015  11014  16945    220
 11015  11014  16958      2
 11015  16944؛