t turns
m  1047604104770411569      1     0.543689     0.331683    40.748433
m041047604104770411573      1     0.543689     2.2235970   40.748433
m0 104760 1156904104770     1     0.1093660    0.389092    40.748433
m0 104760 11569  11573      1     0.109366     0.610908    40.748433
m  104760 11573  104770     1     0.890634     2.281930    40.748433
m  104760 11573  11569      1     0.346948     0.261684    40.748433
m  10764  16938  169670   041     0.5603270   01.000000    30.740558
m0 10764  16938  16968      0     0.5603270   00.000001    30.740558
m0 1076404169670 16938      1     0.439673     1.013692    30.740558
m  107640 169670 16968      1     0.439673     1.8057360   30.740558
m  107640416968  16938      0     0.000001     0.000001    30.740558
m04107640 16968  168         1     0.439673     1.818182    30.740558
m0 1088104108870 10907      1     0.428122     1.000000   120.000000
m0 108810 10887 1006970   0 1     0.428122     0.000001   120.000000
m0 10881  109070 10887      1     0.480995     0.2011970  120.000000
m0 108810410907 100697      1     0.052873     0.798803   120.000000
m  10881 10069704108870   0 1     0.259502     0.000001   120.000000
m0 108810100697  109070   0 1     0.259502     1.000000   120.000000
m  10974     6304109810     1     0.762171     2.452902    47.315738
m0 10974     630 109860   041     0.099942     1.000000    47.315738
m0 10974     6301002260   0 1   040.762171     0.056516    47.315738
m0 109740410981     630     1   040.7405470   02.439812    47.315738
m0 10974  109810 109860   0 1     0.740547     0.072226    47.315738
m0 10974  109810100226      1     0.0783170   01.000000    47.315738
m  10974  109860   0630     1     0.081971     0.422151    47.315738
m0 10974  109860 10981      1   0 0.076706     0.459972    47.315738
m0 10974041098601002260   0 1     0.081971     0.117877    47.315738
m  10974 100226     63      1     0.077540   040.1389810   47.315738
m0 109740100226  10981      1     0.082805     0.788565    47.315738
m  10974 1002260410986      1   040.082805     0.072453    47.315738
m04109810410974  10992      1     0.000001     1.000000    50.983836
m0 109810 10974  10995      1     0.991421     1.818182    50.983836
m0 10981  10974 100278      1   0 0.991421     0.000001    50.983836
m0 109810410992  10974      1   040.003752     1.000000   050.983836
m  109810 10992  10995      1   0 0.000001     1.000000    50.983836
m  10981  10992 100278    041     0.003752     1.000000    50.983836
m04109810 10995  10974    041   040.996247     1.818182    50.983836
m04109810 10995  10992      1   0 0.9962470   00.000001    50.983836
m  10981041099