EMME
9386 11663 .12 c 112 3.0 2 .24 30.54 2668 0 2668
9386 11716 .08 c 104 1.0 21 .34 14.13 603 0 603
9386 11718 .06 c 112 3.0 2 .11 34.17 1035 0 1035
9386 11727 .02 c 104 1.0 4 .13 9.00 0 0 0
10244 16746 .07 c 144 1.0 4 .50 8.38 172 0 172
10244 16749 .06 c 144 1.0 4 .41 8.83 70 0 70
10400 16788 .04 c 142 3.0 2 .08 31.92 2135 0 2135
10400 16791 .02 c 142 3.0 2 .04 33.68 1302 0 1302
10401 10402 .14 ﻡ.0 4 0 4 .94 8.91 40 0 40
10401 10403 .07 c 104 1.0 4 .47 8.87 55 0 55
10401 100861 .05 ﻡ. 1.0 4 .34 8.79 81 0 81
10402 10401 .14 c 104 1.0 4 .94 8.95 22 0 2201 11426 .03 ﻡ. 1.0 4 .20 8.91 40 0 40
10403 10401 .07 c 104 1.0 4 .47 8.91 37 0 37
10403 11443 .04 c 104 1.0 4 .27 8.91 37 0 37
10403 11447 .06 c 104 1.0 4 .40 8.93 32 0 32010473 10477 .09 c 112 3.0 2 .16 33.85 1212 0 1212010475 16801 .02 c 104 1.0 4 .14 8.73 100 0 100
10475 16803 .06 c 10.0 4 0 4 .41 8.76 92 0 92
10476 10477 .05 ﻡ 112 3.0 2 .09 32.59 1841 0 1841
10476 11569 .08 c 104 1.0 4 .64 7.55 256 0 256
10476 11573 .10 c 112 3.0 2 .18 33.96 1153 0 1153
10477 10473 .09 c 112 3.0 2 .17 32.5966