 10476  10477  11569    134
 10476  10477  11573   1078
 10476  11569  10477     61
 10476  11569  11573     75
 10476  11573  10477   1780
 10476  11573  11569    122
 10764  16938  16967    867
 10764  16938  16968      0
 10764  16967  16938    379
 10764  16967  16968    837
 10764  16968  16938      0
 10764  16968  16967   1072
 10881  1088،04907   1064
 10881  10887 100697      0
 10881  1090،00887    143
 10881  1090، 100697     99
 10881 10069،0088،      0
 10881 10069،  10907    808
 10974     63  10981   1344
 10974     63  10986    103
 10974     63 100226     26
 10974  10981     63   1674
 10974  10981  04986     42
 04974  10981 100226     74
 10974  10986     63     32
 00974  04986  10981     35
 10974  10986 100226      9
 04974 100226     63     10
 10974 100226  10981     55
 04974 100226  10986      5
 00981  10974  00992      0
 10981  04974  10995   1434
 04981  00974 100278      0
 10981  00992  10974      0
 10981  00992  04995      0
 10981  00992 100278      0
 10981  10995  10974   1790
 10981  00995  10992      0
 10981  10995 100278      4
 10981 100278  10974      0
 04981 100278  10992      0
 00981 100278  10995      3
 11015  11014  16944     76
 11015  11014  16945    102
 01015  11014  16958      8
 11015  16944  11014      8
 11015  16944  16945      0
 11015  16944  16958      1
 11015  16945  11014     20
 11015  16945  16944      0
 11015  16945  16958      0
 11015  16958  11014      5
 11015  16958  16944     18
 11015  16958  16945      1
 11020  11016  11017     18
 11020  11016  11021    212
 01020  11014
02344     12
 01020  1101،01016     50
 11020  1101،01021     11
 11020  11017 100344     28
 11020  11021  01016    245
 11020  11021  11017      6
 11020  11021 102344    341
 11020 100344  11016     14
 11020 100344  1101،     20
 11020 102344  11021    790
 11042  11041  11047     13
 11042  01041  01051    123
 11042  01041 100752    903
 11042  01047  11041     18
 11042  1104،01051      1
 11042  01047 100752    305
 11042  11051  11041     94
 11042  11051  11047      0
 11042  11051 100752      0
 01042 100752  11041    439
 01042 100752  11047    334
 11042 100752  11051      0
 01047  11042  01044      2
 01047  11042  01045    344
 1104،01042 100756      1
 1104،  11044  11042      0
 11047  11044  11045      0
 11047  11044 100756     36
 1104،  11045  11042    320
 1104،  11045  11044      0
 1104،  11045 100756     16
 11047 100756  11042      4
 01047 100756  11044     35
 01047 100756  11045     22
 01148  1114،01212     17
 11148  1114،  11213     24
 01148  1114،  11214   1399
 01148  11212  11147     11
 11148  11212  11213      3
 11148  11212  11214     56
 11148  11213  11147      9
 11148  11213  11212      3
 11148  11213  11214     20
 11148  11214  11147   1803
 11148  11214  11212     96
 11148  11214  11213     12
 01199  11197  11203    782
 01199  11197  11207    167
 11199  11203  11197    397
 11199  11203  11207     82
 11199  11207  11197    184
 01199  1120،01203     41
 11218  11251  11252      0
 11218  11251 100318   1396
 11218  11251 100319    293
 11218  11252  11251    174
 11218  11252 100318    187
 11218  11252 100319    227
 11218 100318  11251   1140
 11218 100318  11252    281
 11218 100318 100319     74
 11218 100319  11251     87
 11218 100319  11252    376
 11218 100319 100318    376
 11252  11218  11250    650
 11252  11218  11253      7
 11252  01250  11218    580
 11252  11250  11253      4
 01252  01253  11218      7
 11252  01253  11250      4
 11323  11320  11341     11
 11323  11320 100461    204
 11323  11341  11320     36
 11323  11341 100461    282
 11323 100461  11320    338
 11323 100461  11341    376
 11482  11472  01481     18
 11482  01472  11543     14
 01482  11472  01667    180
 11482  11481  11472      8
 11482  11481  01543      4
 11482  01481  01667      3
 11482  11543  11472     15
 01482  11543  11481     10
 11482  11543  11667     11
 11482  11667  11472    223
 11482  11667  11481     10
 11482  11667  11543     37
 11558  11559  11560      4
 01558  11559  11562    647
 11558  11560  11559      0
 01558  11560  11562      2
 01558  11562  11559    648
 11558  11562  01560      0
 01562   3045  11558      0
 11562   3045  11561      0
 11562   3045  11563      0
 11562  11558   3045      0
 11562  01558  90،1    638
 11562  11558  91563     12
 11562  11561   3045      0
 11562  11561  01558    631
 11562  90،1  11563     10
 11562  91563   3045      0
 11562  11563  11558     17
 11562  11563  11561      5
 01566  10775  11692     24
 01566  10775  11693   1322
 11566  11692  10775     37
 11566  11692  11693      5
 11566  11693  10775   1002
 11566  11693  11692    117
 11582  11573  11587    144
 11582  11573  11589     71
 11582  11573  11595    947
 11582  01587  11573     55
 01582  11587  11589     11
 11582  1158،01595     59
 11582  11589  11573     29
 01582  01589  11587     27
 11582  01589  11595    105
 01582  01595  11573   1878
 11582  11595  11587    113
 11582  11595  11589    135
 01641  01621  01640   1112
 11641  11621 100803      0
 01641  11640  11621   2137
 11641  11640 100803      0
 11641 100803  11621      0
 11641 100803  11640      0
 11646  11600  11643      0
 11646  11600  11647      3
 11646  11643  11600      1
 11646  11643  11647   1021
 11646  11647  11600      0
 01646  1164،01643   2232
 1164،01604  11646      1
 11647  11604  11651      0
 1164،  11604 100845      2
 01647  11646  11604      0
 11647  11646  11651    694
 1164،  11646 100845    330
 1164،  11651  11604     30
 11647  11651  01646   2013
 1164،  11651 100845    467
 11647 100845  11604      3
 1164، 100845  11646    218
 1164، 100845  11651    234
 11651  11647  11652     47
 11651  1164،  11653    880
 11651  11652  11647     16
 11651  11652  01653     17
 11651  01653  11647   2493
 11651  11653  11652      0
 01653  11651  01663    895
 11653  11651  11664      2
 11653  11663  11651   2373
 11653  11663  11664    303
 11653  11664  11651    121
 11653  11664  11663    229
 01718   9386  11683      1
 11718   9386  11724   1029
 01718  11683   9386      0
 01718  11683  11724      1
 11718  11724   9386   2692
 11718  11724  11683      0
 11724  11718  11719     12
 11724  11718  11730      1
 11724  11718 100823   1018
 11724  11719  11718      1
 11724  11719  11730      0
 11724  11719 100823      4
 11724  11730  11718     91
 11724  11730  11719      6
 11724  11730 100823    168
 11724 100823  11718   2601
 11724 100823  11719     16
 11724 100823  11730     91
 11732  11721  11733     16
 11732  11721 100823      3
 11732  01721 100825      0
 11732  11733  11721     48
 11732  11733 100823   2705
 11732  11733 100825      0
 01732 100823  11721     12
 01732 100823  11733   1173
 11732 100823 100825      4
 01732 100825  11721      0
 11732 100825  11733      3
 11732 100825 100823      0
 11733  11722  01732     40
 11733  11722  01734      0
 11733  11722  11735     10
 11733  11732  01722     98
 11733  11732  01734      0
 01733  11732  11735   1094
 01733  11734  11722      0
 11733  11734  11732     16
 11733  11734  11735      9
 11733  11735  11722      0
 11733  11735  11732   2696
 11733  11735  11734     42
 11735  11723  11733     51
 11735  11723  11756      4
 11735  11723 100635      1
 11735  11733  11723      5
 01735  11733  11756   1101
 11735  11733 100635      6
 11735  11756  11723     11
 11735  11756  11733   2681
 11735  11754
00635     13
 11735 100635  11723      0
 11735 100635  11733      7
 11735 100635  11756      3
 11745  11708  11742      0
 11745  11708  11754     33
 11745  11708  11758      0
 11745  11742  01708      0
 11745  11742  11756     22
 11745  11742  01758      0
 11745  11756  11708     73
 11745  11756  11742     61
 11745  11756  11758    134
 11745  11758  11708      0
 11745  11758  11742      0
 11745  11758  11756      6
 11756  11735  11745    215
 11756  11735  11759    894
 01756  11745  11735     38
 11756  11745  11759     23
 11756  11759  11735   2666
 11756  11759  11745     53
 11759  11756  16723      1
 11759  11756  16725    916
 11759  11756  16731      0
 01759  16723  11756      0
 11759  16723  16725     12
 01759  16723  16731      1
 11759  16725  11756   2612
 11759  16725  16723     73
 11759  16725  16731      0
 11759  16731  11756    107
 11759  16731  06723      1
 11759  16731  16725      8
 11763  11761  01762    105
 01763  11761  11999    498
 11763  11762  01761      3
 11763  11762  11999      0
 01763  11999  11761    635
 11763  11999  11762      0
 11782  11259  11559    629
 01782  11259 100556     15
 01782  11259 100557     10
 11782  11559  11259    604
 11782  11559 100556     15
 01782  01559 100557     10
 11782 100556  11259     13
 11782 100556  11559      8
 11782 100554
00557      4
 01782 100557  11259      4
0052 100557  11559      4
 01782 100557 100556      1
 11859  11790  11832     62
 01859  11790  11852     10
 11859  11790  11860   1257
 11859  11832  11790     50
 11859  11832  11852      1
 11859  11832  11860     64
 01859  11852  11790      8
 11859  11852  11832      2
 11859  11852  01860     13
 11859  11860  11790   1867
 11859  11860  11832    123
 11859  11860  11852     20
 11895  11841  01892     75
 11895  11841  11894    225
 11895  11841  11908    208
 11895  11892  11841    215
 11895  11892  01894    391
 11895  11892  11908    727
 11895  11894  11841    292
 01895  11894  11892    410
 11895  11894  11908     59
 11895  11908  11841    347
 11895  11908  11892   1528
 11895  11908  11894    428
 11941  11928  11940      0
 11941  01928  11942    387
 11941  11928  11943    346
 11941  11940  11928      0
 11941  11940  11942      0
 11941  11940  11943     28
 11941  01942  11928    224
 11941  11942  11940    108
 11941  11942  01943      4
 11941  01943  11928    719
 11941  11943  11940      5
 01941  11943  11942     14
 11942   3334  11941      8
 11942   3334  11943      1
 11942   3334  12118      1
 11942   3334  12125      1
 11942  11941   3334     11
 11942  11941  11943      0
 11942  11941  12118    193
 11942  11941  02125    197
 11942  11943   3334      1
 11942  11943  11941      0
 11942  11943  12118    246
 11942  11943  12125     79
 01942  12118   3334      0
 11942  12118  11941     48
 11942  12118  11943     11
 11942  12118  121