t turns
m  1047604104770411569      1     0.543249     0.331683    40.831282
m041047604104770411573      1     0.543249     2.2235970   40.831282
m  104760 1156904104770     1     0.109234     0.388908    40.831282
m0 104760 11569  11573      1     0.109234     0.611092    40.831282
m0 104760 1157304104770     1     0.8907660    2.279860    40.831282
m  104760 1157304115690     1     0.3475170    0.264168    40.831282
m0410764  1693804169670     1     0.556583     1.000000    31.038213
m0 1076404169380 16968      0     0.556583   040.000001    31.038213
m0 107640 1696704169380     1     0.4434160  041.0289460  031.038213
m  1076404169670 16968      1     0.443416     1.791868    31.038213
m  107640 16968  169380     0     0.000001     0.000001    31.038213
m04107640 1696804169670     1     0.443416     1.818182    31.038213
m0 10881  108870 10907      1     0.438452     1.000000   120.000000
m0 108810410887 1006970     1     0.438452     0.000001   120.000000
m0 10881  10907  10887      1     0.491405     0.200200   120.000000
m  108810410907 100697      1     0.052954     0.799800   120.000000
m0 10881 10069704108870     1     0.254298     0.000001   120.000000
m0 10881 1006970 10907      1     0.254298     1.000000 04120.000000
m0 10974     63  109810     1   040.761427     2.452905    47.324819
m0 10974     630410986      1     0.099918     1.000000    47.324819
m0 10974     6301002260  0041     0.7614270    0.056514    47.324819
m  109740410981     630     1   0 0.7403870    2.440002    47.324819
m0410974041098104109860  00 1     0.7403870    0.0719970   47.324819
m0 10974041098101002260  00 1     0.0788770    1.000000    47.324819
m  109740 10986     630     1   040.082031     0.422631    47.324819
m  10974  109860 109810     1   0 0.076742     0.459608    47.324819
m0 109740 1098601002260  00 1     0.082031     0.117762    47.324819
m0410974 100226     630     1     0.0776630    0.1387360  047.324819
m0 109740100226  10981     387040.082954     0.788954    47.324819
m0410974 1002260410986      1     0.082954     0.072309    47.324819
m0 109810410974  10992      1   0 0.000001     1.000000    50.966444
m0 109810 109740 10995      1   040.992420     1.818182    50.966444
m0 10981  109740100278      1   0 0.992420     0.000001    50.966444
m  109810 10992  10974     3870 0.003220     1.000000    50.966444
m0 109810410992  10995      1   0 0.000001     1.000000 0  50.966444
m  10981  10992 100278     3870 0.003220     1.000000    50.966444
m04109810 10995  10974      1   0 0.996780     1.818182    50.966444
m0 109810 109950410992     3870 0.996780     0.000001    50.966444
m04109810 10995 100278      1   0 0.004361     1.000000    50.966444
m  10981 100278  109740     1   0 0.000001     0.133333    50.966444
m0 1098101002780410992      1   0 0.003220     0.133333    50.966444
m04109810100278  10995      1     0.003220     1.000000    50.966444
m  110150411014  16944      1   0 0.500045     0.357829    26.165176
m0 11015  11014  16945    041     0.9411060  000.633518    26.165176
m0 11015  110140416958      1   0 0.9411060  000.008652    26.165176
m0 110150 16944  110140     1   0 0.0302370    0.8916670   26.165176
m  110150416944  16945      1   0 0.000001     0.000001    26.165176
m  110150 16944  16958      1   0 0.0302370    0.108333    26.165176
m  11015  16945  11014      1   0 0.441062     1.000000    26.165176
m04110150 169450416944     31     0.441062     0.000001    26.165176
m0 110150 169450416958     31     0.000001     0.000001    26.165176
m0 11015  16958  11014      1   0 0.0286570    0.104383   026.165176
m0411015  16958  16944      1   0 0.058894     0.822739    26.165176
m041101504169580416945    03870 0.058894     0.072877    26.165176
m0 11020  11016  110170     1     0.195682     0.087273   083.313409
m0 11020  110160 11021     31     0.124598     0.872117    83.313409
m0 11020  110160100344     31     0.195682     0.040612    83.313409
m  11020  1101704110160  00 1     0.125048     0.504479    83.313409
m0 11020  110170 1102