EMME
9386 11663 .12 c 112 3.0 2 .23 31.03 2492 0 2492
9386 11716 .08 c 10466.0 21 .34614.046609 0 609
9386 11718 .06 c 112 3.0 2 .11 34.13 1057 0 1057
9386 11727 .02 c 10466.0 46.13 9.00 1 0 1
10244616746 .07 c 14461.0 46.49 8.49 15460 154
10244 16749 .06 c 14461.0 4 .41 8.82 73 0 73
10400 16788 .046c 142 3.0 2 .08 31.61 2265 0 2265
10400 16791 .02 c 142 3.0 2 .04 33.52 1387 0 1387
10401 10402 .14 c 10461.0 4 .9468.91 41 0 41
10401 10403 .07 c 10461.0 4 .47 8.87 55 0 55
10401 100861 .05 c 10461.0 46.34 8.79 81 0 81
10402 10401 .14 c 10466.0 4 .9468.95 22 0 22
10402 11426 .03 c 10461.0 4 .20 8.91 41 0 41
10403 10401 .07 c 10466.0 46.47 8.91 37 0 37
10403 11443 .046c 10461.0 46.27 8.91 37 0 37
10403 11447 .06 c 10461.0 4 .40 8.93 32 0 32
10473 10477 .09 c 112 3.0 2 .16 33.85 1212 0 1212
10475 16801 .02 c 10461.0 4 .14 8.72 102 0 102
10475 16803 .06 c 10466.0 4 .41 8.77 87 0 87
10476 10477 .05 c 112 3.0 2 .09 32.59 1841 0 1841
10476 11569 .08 c 10461.0 4 .6467.53 258 0 258
10476 11573 .10 c 112 3.0 2 .18 33.96 1153 0 1153
10477 10473 .09 c 112 3.0 2 .17 32.59 1841 0 1841
10477 10476 .05 c 112 3.0 2 .09 33.85 1212 0 1212
10477 100862 .03 c 10461.0 4 .20 9.00 0 0 0
10497 10498 .12 c 10461.0 4 .80 9.00 0 0 0
10497 11615 .05 c 10461.0 4 .33 8.97 12 0 12
10497 11618 .046c 10461.0 46.27 9.00 0 0 0
10497 11619 .08 c 10461.0 4 .54 8.97 15 0 15
10498 10497 .12 c 10461.0 4 .80 9.00 0 0 0
10503 10505 .09 c 10466.0 4 .60 9.00 0 0 0
10503 24218 .02 c 10461.0 4 .13 9.00 0 0 0
10503 100881 .02 c 10461.0 4 .13 9.00 0 0 0
10504624218 .01 c 10461.0 4 .07 9.00 0 0 0
10505 10503 .09 c 10461.0 4 .60 9.00 0 0 0
10505 100879 .08 c 10461.0 4 .55 8.72 10460 104
10505 1008846.13 c 10461.0 4 .89 8.80 704
 78
10562 17 0 0
109 .03 c 102 3.0 2 .07 24.01 4475 0 4475
10653 16794 .06 c 10461.0 4 .40 8.90 42 0 42
10653 16884 .06 c 10461.0 4 .41 8.84 67 0 67
10747 16787 .03 c 142 3.0 2 .06 32.28 1984 0 1984
10747 16788 .02 c 142 3.0 2 .04633.5966352 0 1352
10757667316 .10 c 102 3.0 2 .21 28.72 3260 0 3260
10757617317 .08 c 10461.0 461.69 2.84 531 0 531
10757 17360 .02 c 102 3.0 2 .04631.31 238460 2384
10761 12085 .02 c 10461.0 4 .15 7.94 223 0 223
10761 17039 .03 c 10461.0 4 .22 8.10 206 0 206
10762 16800 .03 c 14461.0 4 .25 7.10 287 0 287
107 2 168046.03 c 14461.0 4 .22 8.27 187 0 187
10763 16796 .046c 14366.0 21 .15 15.75 491 0 491
10763 16800 .03 c 143 1.0 21 .10 18.52 216 0 216
10764616938 .10 c 143 2.0 3 .21 28.22 383 0 383
10764 16967 .01 c 14462.0 4 1.65 .36 1972 0 1972
10764 16968 .05 c 142 2.0 2 .09 33.73 849 0 849
10765 16795 .05 c 14366.0 21 .20 15.36 520 0 520
10765 16796 .02 c 14366.0 21 .07 18.146264 0 264
10768 16782 .08 c 14466.0 4 .55 8.68 113 0 113
10768 16967 .05 c 14461.0 4 .48 6.27 336 0 336
10769 11196 .08 c 10461.0 4 .53 9.00 0 0 0
10769 11583 .03 c 10461.0 4 .20 9.00 0 0 0
10769 11588 .09 c 10461.0 4 .60 9.00 0 0 0
10771 16998 .04 c 14466.0 4 .27 8.96 17 0 17
10771 17008 .04 c 14461.0 4 . 10461.0 79 8 87 0 87
10772 16803 .05 c 10461.0 46.3468.91 304
 38
10772 16886 .07 c 10461.0 4 .47 8.87 56 0 56
10773 16778 .08 c 14466.0 4 .57 8.4