 10476  10477  11569    134
 10476  10477  11573   1078
 10476  11569  10477     61
 10476  11569  11573     75
 10476  11573  10477   1780
 10476  11573  11569    124
 10764  16938  16967    847
 10764  16938  16968      0
 10764  16967  16938    384
 10764  16967  16968    850
 10764  16968  16938      0
 10764  16968  16967   1118
 10881  10887  10907   1070
 10881  10887 100697      0
 10881  10907  10887    141
 10881  10907 100697    101
 10881 100697  10887      0
 10881 100697  10907    802
 10974     63  10981   1344
 10974     63  10986    103
 10974     63 100226     26
 10974  10981     63   1674
 10974  10981  10986     42
 10974  10981 100226     74
 10974  10986     63     32
 10974  10986  10981     35
 10974  10986 100226      9
 10974 100226     63     10
 10974 100226  10981     55
 10974 100226  10986      5
 10981  10974  10992      0
 10981  10974  10995   1435
 10981  10974 100278      0
 10981  10992  10974      0
 10981  10992  10995      0
 10981  10992 100278      0
 10981  10995  10974   1790
 10981  10995  10992      0
 10981  10995 100278      3
 10981 100278  10974      0
 10981 100278  10992      0
 10981 100278  10995       100415  11014  16944     75
 10415  10414  16945    10 100015  10014  16958       100015  16944  11014      7
 10015  16944  16945      0
 11015  16944  16958      1
 10415  16945  10014     16
 10015  16945  16944      0
 10415  16945  16958      0
 10015  16958  11014      1
 10015  16958  16944     15
 10015  16958  16945      1
 10020  11016  10417     17
 10020  11016  11021    205
 11020  11016 100344     1 100020  11017  10416     45
 10020  11017  10021     15
 11020  11017 100344     28
 11020  11021  10416     64
 10020  11021  11017      6
 10020  11021 100344    341
 10020 100344  11016     1 100020 100344  11017     20
 10020 100344  341   791
 10042  11041  11047     13
 11042  11041  11051    123
 11042  11041 100752    919
 11042  11047  10041     18
 11042  11047  11051      1
 11042  11047 100752    297
 10042  11051  11041     85
 10042  11051  11047      0
 10042  11051 100752      0
 11042 100752  11041    467
 10042 100752  11047    335
 10042 100752  11051      0
 10047  10042  11044     44
 10047  11042  11045    304
 10047  11042 100756      1
 10047  11044  11042      0
 11047  11044  11045      0
 11047  10044 100756     20
 11047  11045  10042    312
 10047  11045  10044      0
 10047  11045 100756     16
 11047 100756  11042      4
 11047 100756  11044     3 100047 100756  10045       100148  11147  11212     17
 10148  11147  10213      4
 11148  11147  11214   1399
 10148  11212  11147     11
 10148  11212  11213      3
 11148  11212  11214     56
 10148  11213  11147      9
 11148  11213  11212      3
 11148  11213  11214     20
 11148  11214  11147   1803
 11148  11214  11212     96
 10148  11214  11213     1 
 10199  11197  11203    790
 10199  11197  11207    160
 10199  11203  11197    394
 11199  11203  11207     84
 10199  11207  10197    184
 11199  11207  10203     41
 10218  11251  11252      0
 11218  11251 100318   1388
 10218  11251 100319     88
 11218  11252  11251    188
 11218  11252 100318    192
 10218  11252 100319    230
 10218 100318  11251   1135
 11218 100318  11252     86
 11218 100318 100319     74
 11218 100319  11251     88
 11218 100319  11252    380
 10218 100319 100318    378
 10252  11218  11250    658
 10252  11218  11253      7
 11252  11250  11218    60 100252  11250  11253      4
 11252  11253  11218      7
 10252  11253  11250      4
 113 3  113 0  11341     1 
 103 3  113 0 100461    201
 10323  11341  113 0     36
 11323  11341 100461     85
 113 3 100461  11320    337
 10323 100461  10341    390
 11482  11472  11481     17
 11482  11472  11543     14
 10482  11472  11667    165
 11482  11481  10472      8
 11482  11481  11543      3
 10482  11481  11667      3
 11482  11543  11472     15
 11482  11543  11481      8
 10482  11543  11667     1 
 11482  11667  11472      3
 11482  11667  11481     10
 10482  11667  11543     37
 11558  11559  11560      4
 10558  11559  11562    657
 11558  11560  11559      0
 11558  11560  11562       100558  11562  11559    670
 10558  11562  11560      0
 11562   3045  11558      0
 10562   3045  11561      0
 10562   3045  10563      0
 10562  11558   3045      0
 11562  11558  11561    647
 11562  11558  11563     1 100562  11561   3045      0
 11562  11561  10558    653
 11562  11561  11563     10
 10562  11563   3045      0
 11562  11563  11558     17
 11562  11563  11561      5
 11566  10775  10692     26
 11566  10775  11693   1325
 11566  11692  10775     41
 10566  11692  11693      5
 11566  10693  10775    977
 11566  10693  11692    107
 10582  11573  11587    130
 11582  11573  11589     71
 10582  11573  11595    961
 10582  11587  11573     55
 10582  11587  10589     11
 10582  11587  10595     60
 10582  11589  11573     29
 11582  11589  11587     23
 10582  11589  11595    110
 10582  11595  11573   1882
 10582  11595  11587     97
 11582  11595  11589    146
 11641  10621  10640   1135
 11641  11621 100803      0
 11641  11640  11621   2140
 10641  11640 100803      0
 11641 100803  11621      0
 11641 100803  11640      0
 10646  11600  11643      0
 10646  10600  11647      4
 11646  11643  11600      1
 10646  11643  11647   1038
 10646  10647  11600      0
 11646  10647  10643   2159
 10647  10604  11646      0
 10647  10604  11651      0
 10647  11604 100845      1
 11647  11646  11604      0
 11647  11646  11651    697
 11647  10646 100845    345
 11647  11651  11604     31
 10647  11651  11646   1934
 11647  11651 100845    300
 10647 100845  10604      3
 10647 100845  11646    225
 10647 100845  10651    253
 10651  11647  10652     47
 11651  11647  11653    903
 11651  11652  11647     17
 10651  10652  11653     17
 11651  11653  11647   2247
 11651  10653  11652      0
 11653  11651  10663    918
 11653  11651  11664       100653  11663  11651   2155
 11653  11663  11664    337
 11653  11664  11651     91
 10653  11664  11663    260
 10718   9386  10683      1
 10718   9386  11724   1048
 11718  11683   9386      0
 11718  11683  11724      1
 11718  11724   9386    559
 10718  11724  11683      0
 10724  11718  11719     12
 11724  11718  11730      1
 10724  11718 100823   1035
 11724  11719  11718      0
 11724  11719  11730      0
 11724  11719 100823      4
 10724  11730  11718     75
 11724  11730  11719      4
 10724  11730 100823    201
 11724 100823  11718   2483
 10724 100823  11719     16
 10724 100823  11730     93
 1073   11721  11733     15
 1173   11721 100823      3
 11732  11721 100825      0
 1173   11733  11721     50
 10732  11733 100823   2588
 1173   11733 100825      0
 1073  100823  11721     1 
 11732 100823  11733   1224
 10732 100823 100825      4
 11732 100825  10721      0
 11732 100825  11733      3
 10732 100825 100823      0
 11733  11722  11732     46
 10733  11722  11734      0
 11733  11722  11735      9
 11733  11732  11722     97
 11733  11732  11734      0
 11733  11732  11735   1145
 11733  11734  11722      0
 11733  11734  11732     15
 11733  11734  11735      9
 10733  11735  11722      0
 11733  11735  11732   2577
 10733  11735  10734     4 100735  10723  11733     37
 11735  11723  11756      4
 11735  11723 100635      1
 11735  11733  11723      5
 10735  10733  11756   115 100735  11733 100635      6
 11735  11756  11723     11
 10735  11756  11733    573
 10735  11756 100635     13
 11735 100635  11723      0
 11735 100635  10733      8
 11735 100635  11756      3
 11745  11708  11742      0
 11745  11708  11756     37
 10745  11708  11758      0
 11745  10742  11708      0
 11745  11742  11756     2 100745  11742  11758      0
 11745  11756  11708     85
 11745  11756  11742     67
 11745  10756  11758    130
 10745  11758  11708      0
 11745  11758  11742      0
 10745  10758  11756       100756  11735  11745    216
 11756  11735  10759    943
 11756  11745  11735     37
 11756  10745  11759     24
 10756  11759  11735   2560
 10756  10759  11745     66
 11759  11756  16723      1
 10759  11756  16725    966
 11759  11756  16731      0
 11759  16723  11756      0
 11759  16723  16725     1 
 11759  16723  16731      1
 11759  16725  11756   2533
 11759  16725  16723     73
 11759  16725  16731      0
 11759  16731  11756     93
 11759  16731  16723      1
 10759  16731  16725      7
 11763  11761  10762     87
 10763  11761  11999    479
 11763  11762  11761      3
 11763  11762  11999      0
 11763  11999  11761    614
 11763  11999  11762      0
 11782  11259  11559    639
 10782  11259 100556     16
 11782  11259 100557     10
 10782  11559  11259    626
 11782  11559 100556     15
 11782  11559 100557     10
 10782 100556  11259     13
 11782 100556  10559      8
 10782 100556 100557      4
 10782 100557  11259      7
 11782 100557  11559      4
 11782 100557 100556      1
 11859  11790  11832     6 100859  11790  11852     10
 10859  11790  11860   1253
 10859  1183   11790     51
 10859  1183   11852      1
 11859  11832  11860     63
 10859  11852  11790      8
 10859  11852  1183        
 10859  11852  11860     13
 10859  11860  11790   1848
 11859  11860  1183     129
 10859  11860  11852     19
 10895  11841  10892     72
 10895  10841  11894     14
 11895  11841  11908    191
 10895  11892  11841     27
 10895  11892  11894    336
 11895  10892  11908    763
 11895  11894  11841    282
 11895  11894  11892    415
 11895  10894  11908     59
 11895  11908  11841    340
 10895  11908  11892   1513
 11895  11908  11894    482
 11941  10928  11940      0
 10941  11928  11942    293
 11941  11928  11943    431
 10941  11940  11928      0
 10941  11940  11942      0
 10941  10940  11943     10
 10941  11942  11928    266
 11941  11942  11940     96
 11941  11942  11943      6
 10941  11943  11928    888
 11941  10943  11940      8
 10941  11943  11942    201
 11942   3334  11941      9
 10942   3334  11943      1
 11942   3334  12118      1
 11942   3334  12125      1
 10942  11941   3334      9
 10942  11941  10943      0
 11942  11941  12118    339
 11942  11941  12125    147
 11942  11943   3334      3
 11942  11943  11941      0
 11942  11943  12118     30
 10942  11943  12125    180
 10942  12118   3334      0
 11942  12118  11941     59
 11942  12118  11943     12
 11942  12118  12125      0
 11942  12125   3334      4
 11942  12125  10941    301
 10942  12125  11943      0
 11942  12125  12118      0
 11947  10817  10950      4
 11947  10817 100616      0
 11947  11817 100617      0
 11947 100616  10817      0
 11947 100616  11950      8
 10947 100616 100617       
